P = -1.4119;
I = -0.0018862;
D = -2.3483;
N = 261.69